0.0000	10.0000
0.1000	9.6838
0.2000	9.3726
0.3000	9.0664
0.4000	8.7653
0.5000	8.4693
0.6000	8.1782
0.7000	7.8923
0.8000	7.6113
0.9000	7.3355
1.0000	7.0646
1.1000	6.7988
1.2000	6.5381
1.3000	6.2824
1.4000	6.0317
1.5000	5.7861
1.6000	5.5456
1.7000	5.3101
1.8000	5.0797
1.9000	4.8543
2.0000	4.6340
2.1000	4.4187
2.2000	4.2085
2.3000	4.0033
2.4000	3.8033
2.5000	3.6082
2.6000	3.4183
2.7000	3.2334
2.8000	3.0536
2.9000	2.8788
3.0000	2.7092
3.1000	2.5446
3.2000	2.3851
3.3000	2.2306
3.4000	2.0813
3.5000	1.9370
3.6000	1.7978
3.7000	1.6637
3.8000	1.5348
3.9000	1.4109
4.0000	1.2921
4.1000	1.1784
4.2000	1.0699
4.3000	0.9664
4.4000	0.8681
4.5000	0.7749
4.6000	0.6869
4.7000	0.6040
4.8000	0.5263
4.9000	0.4538
5.0000	0.3864
5.1000	0.3242
5.2000	0.2673
5.3000	0.2156
5.4000	0.1692
5.5000	0.1280
5.6000	0.0923
5.7000	0.0619
5.8000	0.0370
5.9000	0.0178
6.0000	0.0044
6.1000	-0.0022